0.504771 0.000000

0.521205 0.414141

0.541527 0.828283

0.559231 1.242424

0.569526 1.656566

0.572435 2.070707

0.572753 2.484848

0.576898 2.898990

0.588755 3.313131

0.607165 3.727273

0.626699 4.141414

0.641216 4.555556

0.647859 4.969697

0.648859 5.383838

0.650022 5.797980

0.656936 6.212121

0.671358 6.626263

0.690124 7.040404

0.707261 7.454545

0.717888 7.868687

0.721369 8.282828

0.721623 8.696970

0.724507 9.111111

0.734007 9.525253

0.749702 9.939394

0.767117 10.353535

0.780702 10.767677

0.787443 11.181818

0.788736 11.595960

0.789356 12.010101

0.794296 12.424242

0.805550 12.838384

0.820915 13.252525

0.835523 13.666667

0.845068 14.080808

0.848559 14.494949

0.848828 14.909091

0.850567 15.323232

0.857246 15.737374

0.868936 16.151515

0.882394 16.565657

0.893279 16.979798

0.898997 17.393939

0.900283 17.808081

0.900555 18.222222

0.903592 18.636364

0.911095 19.050505

0.921703 19.464646

0.932035 19.878788

0.938975 20.292929

0.941658 20.707071

0.941879 21.121212

0.942755 21.535354

0.946637 21.949495

0.953659 22.363636

0.961813 22.777778

0.968406 23.191919

0.971855 23.606061

0.972611 24.020202

0.972678 24.434343

0.974165 24.848485

0.977911 25.262626

0.983073 25.676768

0.987852 26.090909

0.990795 26.505051

0.991711 26.919192

0.991638 27.333333

0.991976 27.747475

0.993481 28.161616

0.995832 28.575758

0.998012 28.989899

0.999153 29.404040

0.999167 29.818182

0.998715 30.232323

0.998587 30.646465

0.999019 31.060606

0.999506 31.474747

0.999248 31.888889

0.997866 32.303030

0.995798 32.717172

0.994011 33.131313

0.993235 33.545455

0.993289 33.959596

0.993082 34.373737

0.991350 34.787879

0.987642 35.202020

0.982804 35.616162

0.978520 36.030303

0.976152 36.444444

0.975682 36.858586

0.975552 37.272727

0.973620 37.686869

0.968637 38.101010

0.961247 38.515152

0.953726 38.929293

0.948522 39.343434

0.946554 39.757576

0.946431 40.171717

0.946431 40.585859

0.946431 41.000000

